     0.348      0.816       0.42      0.413    0.00355     0.0135     0.0498    0.00184      0.195       0.98    0.00054       3.11       0.95     0.0306     0.0286      0.633          1       1.64      0.564        0.2          5       2.08          0     0.0114      0.856      0.547          0     0.0616      0.596          0          0          0        0.5      0.224          0
     0.333       0.83      0.418       0.41    0.00364     0.0128     0.0525    0.00184      0.199       0.98    0.00054       3.18      0.931     0.0308     0.0276       0.64       1.01       1.57       0.58        0.2       4.83       2.18          0     0.0118      0.866      0.555          0     0.0642      0.583          0          0          0        0.5      0.222          0
     0.338      0.843      0.417      0.408    0.00385     0.0151     0.0503    0.00211      0.191      0.977    0.00046       2.62       0.95     0.0273     0.0305      0.633       1.02       1.62      0.744        0.2          5       2.28          0     0.0107      0.864      0.459          0     0.0656      0.591          0          0          0        0.5      0.216          0
     0.352       0.78      0.414      0.406    0.00377      0.015       0.05    0.00198        0.2       0.98    0.00047       2.62      0.939     0.0279     0.0305      0.633      0.996       1.62      0.744        0.2          5          2          0     0.0107      0.892      0.469          0     0.0656      0.605          0          0          0        0.5      0.217          0
     0.363       0.81      0.418      0.405    0.00455     0.0119     0.0605    0.00157      0.195       0.95    0.00054       3.11       0.95     0.0317     0.0301       0.85      0.856       1.57      0.532        0.2       3.98          2          0     0.0132      0.856      0.547          0     0.0552      0.529          0          0          0        0.5       0.25          0
      0.34      0.782      0.415      0.404    0.00406     0.0149      0.051    0.00196      0.198       0.98    0.00048        2.6      0.944      0.028     0.0307      0.633          1        1.6      0.741        0.2       5.06          2          0     0.0108      0.893      0.473          0     0.0647      0.611          0          0          0        0.5      0.217          0
     0.349        0.8      0.414      0.404    0.00401      0.016     0.0528    0.00211      0.196       0.98     0.0005       2.62       0.95     0.0303     0.0305      0.648       1.06       1.72      0.744        0.2       4.55          2          0     0.0107      0.864      0.427          0     0.0656      0.591          0          0          0        0.5      0.165          0
     0.344       0.77      0.411        0.4    0.00393     0.0147     0.0508    0.00189       0.18       0.98    0.00042       2.76       0.92     0.0279     0.0302      0.633      0.996       1.62      0.723        0.2       5.29       2.24          0     0.0102        0.9      0.469          0     0.0587      0.654          0          0          0        0.5      0.217          0
     0.348      0.811      0.412      0.396    0.00411     0.0146     0.0504    0.00204      0.195       0.98    0.00046       2.59       0.95     0.0273       0.03      0.636       1.01       1.62      0.744        0.2       4.93       2.32          0     0.0106      0.867      0.462          0     0.0644       0.59          0          0          0        0.5      0.214          0
     0.338      0.788      0.396      0.385    0.00386     0.0141     0.0459    0.00191      0.214       0.98    0.00052       3.54      0.835      0.025     0.0295      0.649      0.812       1.55      0.675        0.2          5          2          0     0.0115      0.804      0.549          0     0.0659      0.729          0          0          0        0.5      0.227          0
     0.338       0.76      0.391      0.381    0.00461     0.0174     0.0517    0.00234      0.208      0.974    0.00046       3.05       0.95     0.0273     0.0373      0.633      0.999       1.63       0.98        0.2       4.96          2          0     0.0097       0.66      0.388          0     0.0656      0.653          0          0          0        0.5      0.183          0
     0.298      0.833      0.371      0.364    0.00458     0.0138     0.0499    0.00198      0.218       0.98    0.00057       2.62      0.869     0.0474     0.0398      0.633      0.893       1.41      0.871        0.2       4.19       2.47          0     0.0103      0.892      0.425          0     0.0656       0.57          0          0          0        0.5      0.211          0
     0.315      0.825      0.368      0.359    0.00419     0.0104     0.0449    0.00199      0.174      0.955    0.00057        2.3      0.741     0.0374     0.0278      0.579      0.893       1.42       0.55        0.2        4.3          2          0     0.0132        0.9      0.482          0     0.0656      0.588          0          0          0        0.5      0.261          0
     0.295      0.806      0.358      0.345     0.0072     0.0165     0.0489    0.00175      0.221      0.945    0.00055       2.78      0.744     0.0531     0.0398      0.606        0.9       1.64      0.786        0.2       3.32       2.47          0     0.0103      0.876      0.363          0     0.0656      0.577          0          0          0        0.5      0.195          0
     0.296      0.825      0.356      0.341    0.00822     0.0179     0.0562    0.00194      0.237      0.916    0.00056        2.5      0.825     0.0354     0.0438      0.696      0.893       1.67      0.843        0.2       2.69          2          0       0.01      0.892      0.479          0      0.069      0.688          0          0          0        0.5      0.155          0
     0.282      0.751      0.333       0.32    0.00543     0.0179     0.0607    0.00192      0.218      0.938    0.00043       2.51       0.95     0.0495     0.0398      0.737      0.893       1.53       1.07        0.2        3.7       2.49          0     0.0101        0.9      0.506          0     0.0588      0.524          0          0          0        0.5      0.211          0
     0.284      0.746      0.327       0.32    0.00456    0.00695     0.0482    0.00198      0.177       0.98    0.00046       2.62      0.886     0.0468     0.0414      0.548      0.962      0.901      0.634        0.2       4.15       2.25          0     0.0113        0.9      0.425          0     0.0546       0.57          0          0          0        0.5      0.264          0
     0.278      0.793       0.34      0.318    0.00629     0.0153     0.0507    0.00172      0.157      0.945     0.0005       3.21      0.768     0.0896     0.0398      0.606        0.9        1.5      0.828        0.2       3.29       2.47          0     0.0105      0.847      0.424          0     0.0656      0.472          0          0          0        0.5      0.177          0
     0.271      0.803      0.325       0.31    0.00606     0.0128     0.0505    0.00223      0.272       0.98    0.00057       2.39      0.696     0.0553     0.0419      0.633      0.855       1.09       1.06        0.2       4.19       2.47          0     0.0103        0.9      0.402          0     0.0777      0.639          0          0          0        0.5      0.171          0
     0.273      0.784       0.31      0.302    0.00622     0.0146     0.0511    0.00172      0.158      0.945    0.00049       3.21      0.768     0.0889     0.0399      0.599      0.891        1.5      0.827        0.2       3.26       2.47          0     0.0106      0.831      0.424          0      0.066      0.474          0          0          0        0.5      0.179          0
     0.268      0.804      0.309      0.302    0.00595     0.0142     0.0523    0.00173       0.15      0.936    0.00047       3.21      0.821     0.0886     0.0394      0.584      0.956       1.47      0.828        0.2       3.28       2.36          0     0.0103      0.847      0.424          0     0.0632      0.494          0          0          0        0.5      0.184          0
     0.259      0.746      0.291      0.285    0.00494     0.0136     0.0549    0.00198      0.213       0.98    0.00058       2.62      0.894     0.0474     0.0404      0.633       0.91       1.41      0.839        0.2       4.04       2.49          0     0.0103      0.877      0.442          0     0.0656      0.582          0          0          0        0.5      0.211          0
     0.251      0.756      0.283      0.276    0.00683     0.0164     0.0591    0.00172      0.157      0.943    0.00041        2.5      0.768     0.0896     0.0435      0.676      0.902       1.75      0.843        0.2       2.86          2          0    0.00692        0.9      0.404          0     0.0595      0.466          0          0          0        0.5      0.205          0
     0.233      0.848      0.279      0.272    0.00623     0.0144      0.051    0.00167      0.152      0.945    0.00051       3.21       0.75     0.0886      0.041      0.603      0.862       1.46      0.849        0.2       3.23       2.36          0      0.011      0.844      0.424          0     0.0663      0.481          0          0          0        0.5      0.179          0
     0.212      0.921      0.256      0.249    0.00683     0.0146      0.057    0.00127       0.18      0.955    0.00054       3.21      0.785     0.0896     0.0444      0.653        0.9       1.36      0.926        0.2       4.02       2.47          0     0.0116      0.775        0.4          0     0.0855       0.57          0          0          0        0.5        0.2          0
     0.222       0.86      0.254      0.247    0.00719     0.0144     0.0606    0.00196      0.157      0.895    0.00044       3.44      0.651     0.0846     0.0464      0.719      0.851        1.5      0.828        0.2       3.56          2          0     0.0125        0.9      0.458          0      0.049      0.472          0          0          0        0.5      0.169          0
     0.215      0.904      0.249      0.243    0.00432     0.0151     0.0587     0.0024      0.245      0.953    0.00057       2.62       0.95     0.0502     0.0366      0.675      0.893       1.41       1.02        0.2       3.23       2.28          0       0.01      0.722      0.409          0     0.0766      0.697          0          0          0        0.5      0.218          0
     0.213      0.909      0.252       0.24    0.00589     0.0139     0.0531    0.00172      0.157      0.945    0.00051       3.21      0.776     0.0895     0.0398      0.609      0.898       1.52       0.82        0.2       3.29       2.47          0     0.0104      0.837      0.425          0     0.0651      0.477          0          0          0        0.5      0.175          0
     0.207      0.962      0.244       0.24    0.00571     0.0138     0.0496    0.00168      0.157      0.944    0.00057       2.92      0.708     0.0896     0.0398       0.56      0.917        1.5      0.793        0.2       3.29          2          0     0.0105      0.847      0.427          0     0.0605      0.398          0          0          0        0.5      0.172          0
       0.2      0.999      0.239      0.233    0.00589      0.014     0.0598    0.00172      0.155      0.928    0.00047       3.42      0.785     0.0896     0.0398      0.661      0.944        1.5       0.86        0.2       2.99       3.55          0    0.00634        0.9      0.461          0     0.0675      0.472          0          0          0        0.5      0.177          0
     0.208      0.885      0.235      0.233    0.00376     0.0106     0.0469      0.001        0.2      0.937     0.0005          3        0.8        0.1       0.05        0.5          1          1          1        0.2          4          3          0      0.015        0.7        0.4          0        0.1        0.5          0          0          0        0.5        0.2          0
     0.202      0.975      0.236      0.227    0.00931     0.0105     0.0652    0.00096        0.2      0.924     0.0005          3        0.8     0.0807       0.05      0.624       1.18      0.791      0.848        0.2       3.82        3.8          0     0.0187        0.7      0.405          0      0.108      0.406          0          0          0        0.5      0.186          0
       0.2          1      0.232      0.227    0.00465     0.0157     0.0428    0.00198      0.201       0.98    0.00059       2.84      0.907      0.036     0.0408      0.539      0.776        1.5       1.01        0.2       3.69       2.47          0     0.0106      0.892      0.441          0     0.0753       0.57          0          0          0        0.5      0.216          0
     0.207      0.977      0.232      0.227    0.00555     0.0115      0.053    0.00205      0.131      0.945    0.00043       3.14      0.676     0.0777     0.0435      0.606        0.9       1.28      0.828        0.2       2.63       2.47          0     0.0105      0.812      0.424          0     0.0614      0.395          0          0          0        0.5       0.13          0
     0.201      0.991      0.229      0.224    0.00514      0.014     0.0495    0.00198      0.204       0.98    0.00058       2.82      0.869     0.0474     0.0427      0.617      0.787        1.4      0.908        0.2       4.21       2.21          0     0.0103       0.86      0.401          0     0.0631       0.57          0          0          0        0.5      0.211          0
     0.201      0.993      0.227      0.221    0.00768     0.0125     0.0497      0.001      0.208      0.942    0.00049       2.79       0.78      0.101     0.0499      0.514       1.04          1      0.973        0.2       4.04       3.28          0      0.015        0.7      0.394          0        0.1      0.483          0          0          0        0.5      0.193          0
       0.2      0.998      0.227      0.221    0.00771     0.0133     0.0467    0.00104        0.2      0.942    0.00053       3.13      0.824        0.1     0.0524      0.496          1       1.07          1        0.2       3.76        2.8          0     0.0177      0.683        0.4          0        0.1      0.459          0          0          0        0.5      0.194          0
     0.201      0.982      0.226      0.221     0.0077      0.013     0.0434      0.001      0.204      0.937    0.00048          3        0.8     0.0995     0.0515      0.468      0.979      0.994          1        0.2       3.98          3          0     0.0146      0.657      0.388          0     0.0973        0.5          0          0          0        0.5        0.2          0
     0.201      0.987      0.226      0.221    0.00411      0.011     0.0544    0.00174      0.218       0.98    0.00028       2.78       0.95     0.0429      0.036      0.633      0.872       1.06       1.04        0.2       3.56       3.75          0     0.0103        0.9      0.467          0     0.0573      0.531          0          0          0        0.5      0.178          0
     0.203      0.944      0.225       0.22    0.00876     0.0119     0.0486    0.00102      0.219      0.931    0.00049          3      0.843        0.1     0.0525      0.517          1      0.958      0.908        0.2          4          3          0     0.0143      0.695      0.389          0     0.0902      0.514          0          0          0        0.5      0.212          0
     0.202      0.976      0.225       0.22    0.00936     0.0114     0.0587    0.00087       0.22      0.937    0.00059       3.32      0.946      0.113     0.0578      0.566       1.16          1      0.828        0.2       4.26          3          0      0.015       0.66      0.323          0      0.108      0.502          0          0          0        0.5      0.221          0
     0.205      0.932      0.224       0.22     0.0051      0.014     0.0527    0.00172      0.103      0.949     0.0005       3.91      0.589     0.0793     0.0354      0.606      0.889        1.5      0.756        0.2       3.07       2.57          0     0.0107      0.847      0.447          0     0.0662      0.443          0          0          0        0.5      0.158          0
       0.2      0.999      0.225      0.219    0.00454     0.0175     0.0522    0.00203      0.165      0.945    0.00046       3.41      0.697     0.0942     0.0341      0.603      0.882       1.79      0.828        0.2       3.55       2.78          0    0.00995        0.9      0.424          0     0.0726      0.472          0          0          0        0.5       0.17          0
     0.203      0.956      0.225      0.219    0.00542     0.0154      0.058    0.00211      0.131      0.893     0.0005       1.88       0.95     0.0896     0.0398      0.682       0.86       1.67      0.828        0.2       3.98          3          0     0.0116        0.9      0.349          0     0.0707      0.472          0          0          0        0.5      0.177          0
     0.201      0.991      0.223      0.219     0.0053     0.0135     0.0494    0.00203      0.152      0.931    0.00052       3.22      0.835     0.0823     0.0403      0.605      0.807        1.5      0.817        0.2       3.16       3.23          0     0.0105        0.9      0.462          0     0.0648      0.508          0          0          0        0.5      0.171          0
       0.2          1      0.225      0.218    0.00822     0.0118     0.0392      0.001        0.2      0.938     0.0005       3.24      0.473     0.0815     0.0511      0.429      0.957      0.761       1.26        0.2       3.87       3.53          0     0.0179      0.728      0.402          0        0.1      0.404          0          0          0        0.5        0.2          0
     0.201      0.986      0.223      0.218    0.00525     0.0142     0.0498    0.00172      0.154      0.939    0.00048       3.22      0.768     0.0907     0.0393      0.584      0.863        1.5      0.819        0.2       3.37       2.55          0     0.0101      0.849      0.422          0     0.0664      0.449          0          0          0        0.5      0.176          0
       0.2      0.999      0.223      0.217    0.00558     0.0117     0.0699    0.00195      0.218      0.955    0.00057       2.86       0.95     0.0454      0.044      0.806      0.886       1.27      0.799        0.2       4.35        2.9          0     0.0103        0.9      0.405          0     0.0696       0.57          0          0          0        0.5      0.254          0
       0.2      0.998      0.223      0.217    0.00513      0.015     0.0536    0.00178      0.252       0.98    0.00063       2.62       0.95     0.0521     0.0483      0.653      0.814       1.62       0.91        0.2       4.18          2          0     0.0125        0.9      0.425          0     0.0499      0.597          0          0          0        0.5      0.204          0
     0.202      0.968      0.226      0.216     0.0083      0.013     0.0471      0.001        0.2      0.937    0.00049       2.99        0.8      0.102     0.0506      0.497       1.01      0.996       1.02        0.2       4.09       3.03          0     0.0149      0.704      0.395          0        0.1      0.495          0          0          0        0.5      0.198          0
     0.203      0.987      0.225      0.216    0.00736      0.014     0.0557    0.00098      0.187      0.939     0.0005          3      0.928     0.0846     0.0456      0.556        1.1          1       1.09        0.2       4.05       3.22          0      0.015      0.754      0.431          0      0.105      0.552          0          0          0        0.5      0.176          0
     0.202      0.977      0.222      0.216    0.00776     0.0132      0.047      0.001        0.2      0.937     0.0005       2.99      0.798     0.0999     0.0503        0.5          1      0.996      0.994        0.2          4       3.03          0      0.015        0.7        0.4          0     0.0999      0.499          0          0          0        0.5        0.2          0
       0.2          1      0.222      0.216    0.00543     0.0141     0.0523    0.00164      0.162      0.939    0.00051       3.21      0.799     0.0896     0.0405       0.59      0.915       1.55       0.78        0.2       3.29       2.54          0     0.0105      0.857      0.424          0      0.065      0.463          0          0          0        0.5      0.174          0
       0.2      0.999      0.222      0.216    0.00609     0.0117     0.0406    0.00111      0.193      0.949     0.0005       2.87      0.696     0.0836     0.0368      0.495       0.81       1.35      0.578        0.2       2.13       3.45          0    0.00858      0.847      0.393          0     0.0674      0.432          0          0          0        0.5      0.141          0
     0.202      0.968      0.223      0.215    0.00722     0.0154     0.0687    0.00118      0.162      0.929    0.00041       3.48      0.876     0.0953     0.0485      0.716       1.03        1.7      0.819        0.2       3.24       3.83          0     0.0105      0.712      0.487          0     0.0575      0.473          0          0          0        0.5      0.196          0
     0.204      0.935      0.219      0.215    0.00678      0.012     0.0478    0.00177      0.218      0.927    0.00055       2.62      0.869      0.041     0.0455      0.605      0.767       1.41      0.671        0.2       4.87       2.63          0     0.0103        0.9      0.323          0     0.0575      0.516          0          0          0        0.5      0.211          0
     0.201      0.988      0.222      0.214    0.00762     0.0127     0.0488      0.001      0.205      0.943     0.0005       2.92      0.808        0.1     0.0502      0.519          1          1      0.999        0.2       4.09       3.05          0     0.0149      0.703      0.403          0      0.101      0.506          0          0          0        0.5      0.193          0
       0.2      0.992       0.22      0.213     0.0105     0.0146     0.0494    0.00098        0.2      0.902    0.00046       3.03      0.742     0.0934     0.0576      0.526          1       1.03      0.983        0.2       3.87          3          0      0.015      0.724        0.4          0      0.101      0.541          0          0          0        0.5      0.179          0
     0.202      0.977      0.218      0.213    0.00501     0.0149     0.0646    0.00169      0.208       0.98    0.00061       2.78      0.869     0.0474     0.0395      0.741      0.893       1.41      0.921        0.2       4.01       2.51          0      0.011      0.892      0.461          0     0.0713      0.564          0          0          0        0.5      0.211          0
       0.2      0.998      0.218      0.212    0.00495     0.0135     0.0556    0.00198      0.216      0.974    0.00057       2.59      0.869     0.0469     0.0398      0.633      0.904       1.41      0.876        0.2        4.2       2.53          0     0.0103      0.896      0.424          0     0.0656      0.569          0          0          0        0.5      0.211          0
       0.2      0.997      0.216      0.212     0.0046      0.014     0.0534    0.00198      0.218       0.98    0.00058       2.28      0.858     0.0462     0.0417      0.628      0.861       1.41      0.871        0.2        4.3       2.83          0     0.0103        0.9      0.425          0     0.0689      0.563          0          0          0        0.5      0.237          0
       0.2      0.998      0.216      0.211    0.00524     0.0134     0.0569    0.00199      0.216       0.98    0.00057       2.62      0.875       0.05     0.0423      0.653      0.893       1.42      0.871        0.2       4.09       2.51          0     0.0102        0.9      0.424          0     0.0649       0.55          0          0          0        0.5      0.205          0
     0.201      0.982      0.223       0.21    0.00934     0.0158     0.0453    0.00062      0.222      0.899    0.00055          3      0.845      0.132       0.05      0.522      0.885          1       1.14        0.2       3.78       2.71          0     0.0125      0.672      0.525          0      0.111      0.396          0          0          0        0.5      0.218          0
     0.201      0.993      0.215      0.209    0.00506     0.0138     0.0539     0.0019       0.23      0.978    0.00061       2.62      0.799     0.0464     0.0401      0.618      0.893       1.44       0.81        0.2        3.9       2.55          0     0.0103      0.895      0.413          0     0.0656      0.599          0          0          0        0.5      0.198          0
       0.2      0.997      0.214      0.208    0.00404     0.0165     0.0564    0.00182      0.189      0.956    0.00057       2.78      0.869     0.0483     0.0319      0.633      0.923       1.62      0.871        0.2       3.82       3.03          0     0.0103      0.823      0.425          0     0.0798      0.636          0          0          0        0.5      0.227          0
     0.204      0.931      0.213      0.208    0.00438     0.0121     0.0548    0.00197      0.233       0.98    0.00063       2.46      0.938     0.0474     0.0396      0.633      0.882       1.22      0.871        0.2       4.66       2.91          0     0.0103        0.9      0.455          0     0.0715      0.539          0          0          0        0.5      0.231          0
     0.204      0.968      0.213      0.205    0.00637     0.0173     0.0457    0.00172      0.198      0.897    0.00048       2.61      0.768     0.0763     0.0436      0.606      0.717       1.44       1.12        0.2       3.99       2.47          0     0.0108        0.9      0.544          0     0.0679      0.472          0          0          0        0.5      0.236          0
       0.1      0.504      0.121     0.0501     0.0377     0.0323     0.0491    0.00109        0.2      0.937    0.00051       3.19      0.764        0.1     0.0517      0.517      0.965       1.05       1.03        0.2       3.74          3          0      0.015      0.729      0.337          0     0.0945      0.624          0          0          0        0.5        0.2          0
         0          0          0          0          0   0.000352          0    0.00091      0.228      0.937    0.00064          3      0.748        0.1     0.0408      0.631          1          1      0.859        0.2       4.06       5.23          0     0.0134      0.722        0.4          0     0.0968      0.596          0          0          0        0.5        0.2          0
         0          0          0          0          0   0.000439          0    0.00107      0.178      0.897    0.00046       2.68      0.749        0.1     0.0577      0.356          1      0.932        0.5        0.2        4.3       5.13          0     0.0129      0.772        0.4          0      0.108        0.5          0          0          0        0.5      0.177          0
