     0.478      0.764      0.578      0.564    0.00374     0.0143     0.0669    0.00138      0.119      0.879    0.00051       2.68      0.835       0.12     0.0333      0.682       1.97       1.22       1.09        0.2       3.89          2        0.1      0.018      0.674      0.353        0.1      0.104      0.562        0.1        0.1        0.1        0.5      0.159        0.1
     0.487      0.747      0.574       0.56    0.00413      0.015     0.0773    0.00107      0.132      0.879    0.00056       2.56      0.835      0.111     0.0363       0.79       1.97       1.22       1.14        0.2        3.7          2        0.1     0.0186       0.89      0.354        0.1      0.129      0.537        0.1        0.1        0.1        0.5      0.143        0.1
     0.487      0.745      0.571      0.557    0.00422     0.0157     0.0678    0.00143      0.119      0.879    0.00057       2.26      0.601       0.12     0.0293      0.628       1.94       1.22       1.09        0.2       3.66       2.61        0.1     0.0172      0.676      0.338        0.1     0.0937      0.562        0.1        0.1        0.1        0.5      0.172        0.1
     0.487      0.745      0.571      0.557    0.00422     0.0157     0.0678    0.00136      0.127      0.879    0.00051        2.8      0.812      0.123     0.0343      0.686          2       1.26       1.09        0.2          4       2.32        0.1     0.0183      0.688      0.358        0.1      0.106      0.562        0.1        0.1        0.1        0.5      0.156      0.105
      0.47      0.798      0.565      0.557    0.00442     0.0175     0.0639    0.00117      0.155      0.965    0.00043       2.93       0.95      0.101     0.0387       0.76       1.49       1.38       1.14        0.2       5.15          2        0.1     0.0186      0.756      0.354        0.1      0.125      0.537        0.1        0.1        0.1        0.5      0.159        0.1
      0.46      0.786      0.569      0.556    0.00372     0.0146     0.0673    0.00138       0.12      0.886     0.0005       2.69      0.835      0.121     0.0332      0.682          2       1.22        1.1        0.2       3.89          2          0     0.0181      0.678      0.344          0      0.103      0.559        0.1          0        0.1        0.5      0.158          0
     0.497      0.738      0.564      0.553    0.00464     0.0161     0.0574      0.001      0.176      0.958     0.0005       2.92       0.95      0.106     0.0424      0.662       1.56       1.29       1.14        0.2       5.15          2          0     0.0198      0.808      0.354       0.01       0.13      0.537       0.01          0       0.01        0.5      0.159       0.01
     0.473      0.746       0.56      0.549    0.00336     0.0134     0.0623    0.00143      0.119      0.879    0.00057       2.26      0.601       0.12     0.0293      0.628       1.94       1.22       1.09        0.2       3.66       2.61          0     0.0172      0.676      0.338          0     0.0937      0.562          0          0          0        0.5      0.172        0.1
     0.472      0.752      0.554      0.546    0.00468     0.0179     0.0539    0.00096      0.171      0.958    0.00049       3.84      0.891      0.106     0.0424      0.662       1.38       1.29       1.39        0.2       5.99          2          0     0.0208      0.426      0.351          0      0.134      0.642          0          0          0        0.5      0.139          0
     0.465      0.741      0.552      0.544    0.00494     0.0124     0.0458    0.00108        0.2      0.942     0.0005       2.92      0.784      0.117       0.05      0.566       1.32       1.13       1.03        0.2       3.95       2.43          0     0.0158      0.724      0.406          0       0.13      0.435          0          0          0        0.5      0.171          0
     0.473       0.77      0.552      0.544    0.00501     0.0152     0.0561    0.00095      0.176      0.963     0.0005       2.92      0.902      0.119     0.0453       0.67       1.43       1.26       1.14        0.2       5.04          2          0      0.021      0.721      0.367          0      0.117      0.534          0          0          0        0.5       0.17          0
     0.438      0.794      0.541      0.534    0.00442     0.0114     0.0459    0.00109        0.2      0.942     0.0005       2.93      0.786      0.116     0.0503      0.563       1.34       1.13       1.02        0.2       3.95       2.43          0     0.0159      0.723       0.41          0      0.129      0.435          0          0          0        0.5      0.172          0
     0.451      0.778       0.54      0.533    0.00509     0.0118     0.0449    0.00109      0.188      0.942     0.0005          3      0.819      0.116       0.05      0.564       1.28       1.08       1.01        0.2       3.98       2.49          0     0.0162      0.723      0.393          0      0.128      0.425          0          0          0        0.5       0.18          0
      0.45      0.744      0.524      0.517    0.00527     0.0119     0.0467    0.00109      0.188      0.942     0.0005          3      0.816      0.115       0.05      0.563       1.29       1.09          1        0.2          4       2.47          0     0.0162      0.723      0.394          0      0.127      0.429          0          0          0        0.5       0.18          0
     0.446      0.753      0.517      0.511    0.00468     0.0117     0.0473    0.00107      0.188       0.94     0.0005          3      0.819      0.116     0.0493      0.564        1.3       1.08       1.02        0.2       3.94       2.49          0     0.0162      0.726      0.393          0      0.125       0.43          0          0          0        0.5       0.18          0
     0.426      0.753        0.5      0.494    0.00288     0.0106     0.0446    0.00109      0.229       0.98    0.00052          3      0.887      0.129     0.0339      0.602       1.04      0.954       1.01        0.2       3.56       2.62          0     0.0146      0.502      0.371          0      0.148      0.269          0          0          0        0.5      0.221          0
     0.391       0.81      0.499      0.493    0.00419     0.0131     0.0428    0.00093      0.192      0.961    0.00055          3      0.782      0.102       0.05      0.505       1.27       1.12       1.12        0.2       3.88       2.28          0     0.0162      0.805      0.356          0      0.137      0.404          0          0          0        0.5      0.195          0
     0.436      0.725      0.497      0.493    0.00416     0.0148     0.0428    0.00094      0.225      0.978    0.00045       2.93      0.786      0.128     0.0503      0.493       1.34       1.13       1.15        0.2       4.34          2          0     0.0159      0.655      0.403          0      0.127      0.366          0          0          0        0.5      0.172          0
     0.395      0.788      0.492      0.485    0.00538     0.0111     0.0413    0.00119       0.26      0.942    0.00063       3.25      0.815      0.123     0.0526      0.484       1.28       1.08      0.918        0.2       3.98       2.49          0     0.0167      0.493      0.338          0      0.128      0.492          0          0          0        0.5      0.155          0
      0.39       0.77      0.464      0.455    0.00396     0.0146     0.0591    0.00114      0.149      0.914    0.00045       2.92       0.95      0.104     0.0345      0.629       1.45       1.16       1.16        0.2       4.82       2.74          0     0.0197      0.808      0.346          0      0.132      0.537          0          0          0        0.5      0.177          0
     0.365      0.836       0.46      0.451    0.00517     0.0123      0.045    0.00116      0.199      0.936     0.0005          3      0.891      0.123     0.0483      0.496       1.35       1.12      0.978        0.2       3.66       2.26          0     0.0164      0.748      0.403          0      0.143      0.412          0          0          0        0.5      0.175          0
     0.353      0.792      0.421      0.415    0.00426     0.0123     0.0443    0.00108      0.188      0.925    0.00053          3      0.877       0.11     0.0466      0.564      0.981       1.08       1.05        0.2       3.96       2.35          0     0.0163      0.754      0.385          0      0.146       0.44          0          0          0        0.5      0.179          0
      0.34      0.817      0.406      0.397    0.00434     0.0152     0.0606    0.00124       0.18      0.922    0.00056       2.73       0.95      0.104     0.0388      0.598        1.5       1.25       1.14        0.2       5.23       3.01          0     0.0171      0.657      0.376          0      0.112      0.689          0          0          0        0.5      0.176          0
     0.297      0.803      0.353      0.343    0.00532     0.0135     0.0472    0.00109      0.159      0.884    0.00042       3.11      0.711      0.117     0.0532      0.463       1.32       1.11       1.21        0.2       3.36       2.08          0     0.0182      0.724      0.341          0      0.124      0.564          0          0          0        0.5      0.174          0
     0.223      0.828       0.26      0.258    0.00408     0.0115     0.0748    0.00075      0.188      0.972    0.00063       3.17      0.643      0.112       0.05      0.645       1.42       1.15      0.927        0.2       4.22       2.72          0      0.016        0.9      0.353          0      0.114      0.445          0          0          0        0.5      0.163          0
     0.223      0.846      0.255      0.253    0.00412     0.0141     0.0644    0.00115      0.188      0.978    0.00048       3.01      0.819      0.116     0.0516      0.589       1.28       1.09       1.05        0.2       3.89       2.78          0     0.0162       0.71      0.349          0      0.128      0.447          0          0          0        0.5      0.203          0
     0.205      0.931      0.237      0.234    0.00507     0.0176      0.065    0.00125        0.2       0.98    0.00044       4.15      0.803      0.124     0.0651      0.564       1.39       1.41       1.01        0.2       3.74       4.08          0     0.0182      0.732      0.518          0      0.145       0.36          0          0          0        0.5     0.0976          0
     0.209      0.856      0.228      0.226     0.0037     0.0126     0.0581    0.00109      0.188      0.976     0.0005       3.22      0.839      0.115       0.05      0.555       1.19       1.14       1.01        0.2       3.98       2.58          0     0.0153      0.694      0.393          0      0.128      0.438          0          0          0        0.5       0.18          0
       0.2      0.999      0.224      0.222    0.00449     0.0119     0.0469      0.001        0.2      0.937     0.0005          3        0.8        0.1       0.05        0.5          1          1          1        0.2          4          3          0      0.015        0.7        0.4          0        0.1        0.5          0          0          0        0.5        0.2          0
       0.2      0.999      0.222       0.22     0.0043     0.0142     0.0675    0.00113        0.2      0.942    0.00052       2.81      0.797      0.113     0.0503       0.59       1.37       1.07       1.13        0.2       3.81        2.5          0     0.0159      0.817      0.429          0      0.133      0.435          0          0          0        0.5      0.178          0
       0.2      0.997      0.222      0.219    0.00434     0.0125     0.0618    0.00106      0.209      0.939     0.0005       3.19      0.825      0.116      0.053      0.564       1.28        1.1       1.01        0.2       4.08        2.8          0     0.0157      0.688       0.41          0      0.125      0.424          0          0          0        0.5       0.18          0
       0.2      0.991       0.22      0.218    0.00522     0.0111     0.0448      0.001        0.2      0.937    0.00049       2.93      0.814     0.0979     0.0518      0.487       0.97       1.02          1        0.2       3.99       2.96          0      0.015      0.706      0.401          0     0.0979      0.494          0          0          0        0.5      0.205          0
       0.2      0.997       0.22      0.218     0.0049      0.015     0.0583    0.00122      0.202      0.919    0.00045        2.5      0.814      0.111     0.0549      0.548       1.22       1.18       1.17        0.2       3.98        2.7          0     0.0175      0.644      0.393          0      0.145      0.421          0          0          0        0.5      0.183          0
       0.2      0.997      0.217      0.215    0.00406     0.0129     0.0618    0.00109      0.189      0.942    0.00049       3.01      0.838      0.112     0.0494      0.564       1.28       1.08       1.02        0.2       4.12       2.57          0     0.0165      0.713       0.38          0       0.13      0.433          0          0          0        0.5       0.18          0
    0.0468       0.18     0.0378     0.0114     0.0698     0.0225     0.0228    0.00101      0.111      0.879    0.00053       2.26       0.95       0.12     0.0329      0.433       1.55          1      0.937        0.2       3.83       2.57     0.0687     0.0257        0.9      0.494     0.0534        0.1      0.716     0.0551      0.001     0.0527        0.5      0.155     0.0634
    0.0452      0.219     0.0333    0.00964     0.0738     0.0303     0.0419    0.00143      0.119      0.851    0.00051       2.58      0.836      0.126     0.0345      0.681          2       1.22       1.09        0.2       3.81       2.18     0.0975     0.0157      0.627      0.338     0.0851      0.109      0.442      0.104      0.001        0.1      0.491      0.148     0.0996
    0.0486       0.18     0.0334    0.00957     0.0642     0.0268     0.0474    0.00136      0.114      0.921    0.00051        2.9      0.867      0.097       0.03      0.778          2       1.17       1.11        0.2       4.32          2       0.12     0.0183      0.609      0.334      0.097      0.116      0.502     0.0989      0.001      0.108      0.519      0.156      0.125
    0.0474      0.196      0.033     0.0095     0.0764     0.0314     0.0394    0.00171      0.119      0.893    0.00051       2.68      0.767      0.125     0.0357      0.642          2       1.31       1.08        0.2       4.21          2      0.107     0.0153      0.688      0.319     0.0939      0.101      0.474      0.104      0.001     0.0847      0.578      0.159     0.0987
    0.0393      0.254     0.0328     0.0095     0.0853     0.0345      0.038    0.00189     0.0958      0.911    0.00051       1.89      0.911       0.12     0.0398      0.682       1.65       1.34       1.09        0.2       3.89       2.01     0.0866     0.0254      0.674      0.453     0.0831      0.104      0.527     0.0932      0.001      0.079       0.42      0.178      0.092
    0.0437      0.193     0.0325    0.00945     0.0716     0.0343     0.0381    0.00164      0.119      0.904    0.00043       2.75      0.873       0.12     0.0333      0.633       1.91       1.35       1.04        0.2       4.32          2     0.0889     0.0188      0.674      0.395      0.106     0.0988      0.515        0.1      0.001     0.0992      0.522      0.149        0.1
    0.0419      0.167     0.0314    0.00934     0.0674     0.0322     0.0418    0.00153      0.126      0.873    0.00043       2.08      0.835      0.109     0.0313      0.682       1.97       1.25       1.18        0.2       4.19          2     0.0888     0.0207      0.674      0.415     0.0979      0.124      0.531      0.122      0.001      0.103      0.515      0.136     0.0967
    0.0418      0.197     0.0318     0.0092     0.0505     0.0295     0.0447    0.00138      0.118       0.86    0.00056       3.02      0.798       0.11     0.0235      0.731          2       1.25       1.03        0.2       4.29          2      0.105      0.016      0.747      0.405     0.0737     0.0747       0.53      0.111      0.001      0.137      0.444      0.138      0.102
    0.0469      0.125     0.0314    0.00918     0.0806      0.044      0.043    0.00074      0.119      0.879    0.00055       2.95      0.912      0.128     0.0375      0.682       1.99       1.48       1.24        0.2       3.89          2     0.0539     0.0126      0.746      0.406        0.1     0.0956      0.562      0.111      0.001     0.0998        0.5      0.159      0.104
     0.042      0.174     0.0313    0.00914     0.0715     0.0376     0.0449    0.00162      0.126      0.925    0.00057       2.93      0.661      0.125     0.0333      0.762       1.86       1.51       1.23        0.2       4.12          2        0.1     0.0141      0.707      0.379     0.0891      0.104      0.551     0.0999      0.001     0.0878      0.671      0.159        0.1
    0.0411      0.189     0.0314    0.00901     0.0711     0.0286     0.0425    0.00147      0.124       0.88    0.00053       2.77      0.825      0.118     0.0331      0.705       1.92       1.13        1.1        0.2       3.95        2.3     0.0905      0.018      0.806      0.334     0.0937      0.102      0.541     0.0996      0.001      0.105        0.5       0.15      0.097
    0.0441      0.154      0.031    0.00901     0.0717     0.0293     0.0431    0.00146      0.122      0.888    0.00051       2.68       0.79       0.12     0.0333      0.717       1.91       1.19       1.09        0.2       3.68       2.07     0.0982     0.0187      0.669      0.359      0.102      0.104      0.588      0.101      0.001     0.0991      0.527      0.159        0.1
    0.0404      0.178     0.0308    0.00902     0.0754     0.0356     0.0505    0.00127      0.101      0.922    0.00043       3.13      0.835       0.12      0.035      0.971       1.49       1.52          1        0.2       4.02          2      0.107     0.0169      0.719      0.401     0.0927     0.0968      0.577      0.133      0.001      0.113      0.588      0.175      0.107
    0.0472      0.131     0.0306     0.0089     0.0711     0.0312     0.0452    0.00139      0.129      0.855     0.0005       2.64      0.813      0.121     0.0329      0.733       1.99       1.25       1.04        0.2       3.89          2     0.0912     0.0176      0.613      0.363     0.0938      0.104      0.594        0.1      0.001     0.0901      0.496      0.144      0.105
     0.044      0.147     0.0306    0.00889     0.0749     0.0318     0.0419    0.00142      0.114      0.852    0.00044       2.68      0.881      0.101     0.0347      0.682          2       1.35      0.954        0.2       3.97       2.15      0.103     0.0194      0.616      0.382      0.104      0.105      0.606     0.0944      0.001      0.102      0.548      0.162      0.119
    0.0422      0.163     0.0304    0.00889     0.0717     0.0284     0.0399    0.00138      0.119      0.784    0.00047        1.9      0.835       0.12     0.0333      0.682       1.86       1.22       1.09        0.2       3.64          2      0.112     0.0198      0.655      0.435     0.0989      0.104      0.562      0.122      0.001     0.0814      0.605      0.147      0.114
    0.0429      0.176     0.0308    0.00882     0.0606     0.0273      0.043    0.00138      0.144      0.779    0.00039       2.34      0.849      0.122     0.0281      0.776       1.65       1.08       1.12        0.2       3.78       2.22      0.093     0.0192      0.491      0.339        0.1      0.104      0.593      0.101      0.001     0.0895      0.595      0.137        0.1
    0.0418      0.151     0.0299    0.00838     0.0736     0.0308     0.0423    0.00138      0.127      0.881    0.00036       2.86      0.702       0.12      0.034      0.691       1.97       1.22       1.18        0.2        3.7          2     0.0943     0.0124       0.57      0.342        0.1      0.104      0.707      0.137      0.001     0.0954      0.634      0.166        0.1
