       0.2      0.999      0.229      0.226    0.00602     0.0113     0.0449    0.00101      0.242      0.916    0.00051       2.36       0.95     0.0887     0.0534      0.573       0.76       1.03          1        0.2       4.59       3.65          0      0.013      0.621        0.4     0.0822      0.107      0.603     0.0995          0     0.0856      0.486      0.171      0.108
       0.2      0.998      0.225      0.222    0.00555     0.0117     0.0449    0.00106      0.242      0.916    0.00056       2.36      0.936     0.0913     0.0534      0.573       0.76       1.08          1        0.2       4.33       3.58          0     0.0119      0.618      0.379     0.0822      0.106      0.589     0.0951          0     0.0857      0.507      0.176     0.0972
       0.2      0.999      0.221      0.219    0.00481     0.0087     0.0344    0.00099      0.242      0.962    0.00055       2.17      0.835     0.0786     0.0582      0.445      0.741      0.817          1        0.2       5.05       4.07          0      0.013      0.642      0.437     0.0822     0.0983      0.651     0.0995          0     0.0746       0.49      0.174      0.113
       0.2      0.998      0.222      0.218    0.00609     0.0114      0.044    0.00102      0.242      0.911    0.00051       2.37       0.94     0.0868     0.0527      0.563      0.756       1.02          1        0.2       4.55       3.65          0     0.0128      0.627        0.4     0.0826      0.108      0.609      0.098          0     0.0867      0.486      0.171      0.108
     0.201      0.992      0.221      0.218    0.00497     0.0101     0.0474    0.00101      0.242      0.892    0.00051       2.81      0.932     0.0961     0.0513      0.625      0.723       1.07      0.791        0.2       4.02       3.94          0     0.0129      0.533      0.325     0.0984      0.105      0.529     0.0996          0      0.102      0.497      0.159     0.0999
       0.2      0.998      0.219      0.217     0.0057     0.0108     0.0418    0.00105      0.217      0.942    0.00055       2.43      0.919     0.0969     0.0534      0.573      0.681      0.977          1        0.2       4.71       4.31          0     0.0143      0.649      0.361     0.0874      0.107      0.576      0.106          0     0.0876      0.569       0.17      0.108
       0.2      0.996      0.219      0.216    0.00452     0.0114     0.0469      0.001        0.2      0.937     0.0005          3        0.8        0.1       0.05        0.5          1          1          1        0.2          4          3          0      0.015        0.7        0.4        0.1        0.1        0.5        0.1          0        0.1        0.5        0.2        0.1
       0.2      0.998      0.219      0.216    0.00514     0.0109     0.0449    0.00101      0.242      0.916    0.00051       2.36       0.95     0.0887     0.0536      0.572       0.76       1.03      0.999        0.2       4.59       3.64          0      0.013      0.621        0.4     0.0821      0.107      0.603     0.0995          0     0.0856      0.486      0.171      0.108
       0.2      0.997      0.219      0.216    0.00583      0.012      0.044    0.00093      0.246      0.946    0.00055        2.4      0.892     0.0887     0.0592      0.574      0.732       1.04       1.01        0.2       4.54       3.82          0     0.0114      0.645      0.404     0.0813      0.105      0.674      0.107          0     0.0822      0.486      0.178      0.109
       0.2      0.997      0.216      0.213    0.00579     0.0112     0.0518    0.00101      0.316      0.917    0.00051       2.36       0.95     0.0567     0.0666      0.557      0.988       1.13      0.841        0.2       4.49          3          0      0.013      0.499      0.361     0.0686      0.107      0.603     0.0865          0      0.116      0.516      0.106      0.125
     0.201      0.989      0.214      0.211    0.00517     0.0127     0.0484    0.00102      0.198      0.916    0.00051        2.6      0.861     0.0953     0.0507      0.568      0.863       1.12          1        0.2       3.95       3.29          0     0.0116      0.661       0.41       0.11      0.125      0.603     0.0995          0     0.0747      0.373      0.169     0.0924
